4
169.519,171.775,253.552,255.963,
-95.499,-107.800,-131.851,-143.505,
0,0,0,0,
117.522,119.500,108.000,109.000,
351.457,351.500,23.000,23.000,
62.478,119.500,72.000,109.000,
171.457,171.500,92.559,92.558,
5
166.798,168.077,251.588,255.963,1115.992,
-95.358,-106.754,-131.837,-143.498,-179.513,
0,0,0,0,0,
118.010,120.000,108.000,109.000,94.000,
351.952,352.000,24.000,24.000,51.000,
61.990,120.000,72.000,109.000,85.980,
171.952,172.000,91.559,91.558,230.615,
3
164.099,166.461,1115.306,
-95.216,-107.318,-179.500,
0,0,0,
118.513,120.500,94.000,
352.468,352.500,51.000,
61.487,120.500,85.980,
172.468,172.500,230.615,
4
161.424,162.706,248.099,250.897,
-95.074,-105.573,-131.658,-150.979,
0,0,0,0,
119.030,121.000,108.000,110.000,
353.006,353.000,25.000,25.000,
60.970,121.000,72.000,110.000,
173.006,172.998,90.557,90.557,
4
158.773,161.350,248.099,249.067,
-94.930,-106.645,-131.820,-149.550,
0,0,0,0,
119.562,121.500,108.000,110.000,
353.568,353.500,26.000,26.000,
60.438,121.500,72.000,110.000,
173.568,173.500,89.557,89.556,
4
156.149,158.231,247.312,884.925,
-94.785,-107.952,-147.917,-172.529,
0,0,0,0,
120.110,122.500,110.000,95.000,
354.156,354.000,27.000,251.000,
59.890,122.500,110.000,84.980,
174.156,174.000,88.556,256.004,
5
153.553,156.122,243.972,245.485,1242.328,
-94.639,-106.525,-131.471,-145.826,-165.186,
0,0,0,0,0,
120.673,122.667,109.000,110.000,94.000,
354.770,354.667,27.000,27.000,146.000,
59.327,122.667,71.000,110.000,94.000,
174.770,174.666,88.557,88.557,151.279,
8
150.985,153.335,242.301,243.803,247.650,1112.711,1131.101,1239.061,
-94.493,-106.899,-131.448,-143.309,-148.063,-179.281,-192.701,-164.780,
0,0,0,0,0,0,0,0,
121.253,123.500,109.000,110.000,110.000,94.000,94.000,94.000,
355.413,355.500,28.000,28.000,342.000,52.000,47.000,146.000,
58.747,123.500,71.000,110.000,110.000,85.980,85.980,94.000,
175.413,175.500,87.557,87.558,313.146,231.614,253.359,151.279,
9
148.448,150.102,240.701,243.650,248.098,250.152,898.678,1112.891,1235.794,
-94.346,-105.388,-131.423,-143.032,-128.689,-150.221,-185.306,-179.285,-164.355,
0,0,0,0,0,0,0,0,0,
121.849,124.000,109.000,110.000,108.000,110.000,95.000,94.000,94.000,
356.086,356.000,29.000,29.000,342.000,342.000,255.000,52.000,146.000,
58.151,124.000,71.000,110.000,72.000,110.000,84.980,85.980,94.000,
176.086,175.999,86.558,86.559,313.146,313.146,221.287,231.614,151.279,
7
145.943,148.566,239.170,249.636,252.655,897.526,1232.527,
-94.198,-106.712,-131.396,-128.895,-151.948,-185.180,-163.907,
0,0,0,0,0,0,0,
122.462,124.667,109.000,108.000,110.000,95.000,94.000,
356.792,356.667,30.000,342.000,342.000,255.000,146.000,
57.538,124.667,71.000,72.000,110.000,84.980,94.000,
176.792,176.666,85.558,313.146,313.146,221.287,151.279,
8
143.471,145.905,237.350,240.385,252.755,255.963,890.064,1229.260,
-94.050,-106.645,-131.205,-151.211,-129.298,-143.266,-174.875,-163.436,
0,0,0,0,0,0,0,0,
123.092,125.500,109.000,111.000,108.000,109.000,95.000,94.000,
357.532,357.500,30.000,30.000,342.000,342.000,252.000,146.000,
56.908,125.500,71.000,111.000,72.000,109.000,84.980,94.000,
177.532,177.500,85.558,85.558,313.146,313.147,257.004,151.279,
8
141.036,142.899,235.886,238.902,257.149,258.655,1129.318,1225.994,
-93.901,-105.165,-131.176,-150.105,-129.837,-146.938,-196.468,-162.937,
0,0,0,0,0,0,0,0,
123.739,126.000,109.000,111.000,108.000,109.000,94.000,94.000,
358.309,358.500,31.000,31.000,342.000,342.000,46.000,146.000,
56.261,126.000,71.000,111.000,72.000,109.000,86.000,94.000,
178.309,178.501,84.558,84.558,313.146,313.146,249.223,151.279,
9
138.637,141.460,235.486,237.487,262.987,296.217,890.132,903.000,1222.727,
-93.752,-105.096,-131.252,-148.901,-150.761,-161.257,-177.419,-189.555,-162.407,
0,0,0,0,0,0,0,0,0,
124.404,126.500,109.000,111.000,109.000,105.000,95.000,95.000,94.000,
359.126,359.000,32.000,32.000,341.500,38.000,253.000,129.000,146.000,
55.596,126.499,71.000,111.000,109.000,75.000,84.980,85.000,94.000,
179.126,178.999,83.559,83.559,313.646,218.646,252.713,165.921,151.279,
10
136.278,138.935,235.486,236.139,262.434,265.428,296.217,888.758,899.641,1219.460,
-93.603,-105.923,-131.359,-147.577,-130.560,-152.345,-161.257,-177.374,-189.329,-161.844,
0,0,0,0,0,0,0,0,0,0,
125.086,127.500,109.000,111.000,107.000,109.000,105.000,95.000,95.000,94.000,
359.985,90.000,33.000,33.000,341.000,341.000,38.000,253.000,129.000,146.000,
54.914,127.500,71.000,111.000,73.000,109.000,75.000,84.980,85.000,94.000,
179.985,-90.000,82.559,82.559,314.146,314.146,218.646,252.713,165.921,151.279,
9
133.960,136.742,235.530,264.935,269.672,295.126,296.217,896.683,1216.193,
-93.454,-107.164,-146.911,-130.827,-143.683,-171.020,-161.493,-189.125,-161.241,
0,0,0,0,0,0,0,0,0,
125.785,128.500,111.000,107.000,108.000,107.000,105.000,95.000,94.000,
0.889,1.000,33.000,341.000,341.000,39.000,39.000,129.000,146.000,
54.215,128.500,111.000,73.000,108.000,107.000,75.000,85.000,94.000,
180.889,181.001,82.559,314.146,314.145,219.646,219.646,165.921,151.279,
9
131.685,134.700,231.483,232.999,268.264,269.745,295.564,893.726,1212.927,
-93.305,-103.834,-130.957,-143.409,-131.170,-143.798,-171.231,-188.915,-160.593,
0,0,0,0,0,0,0,0,0,
126.502,128.500,110.000,111.000,107.000,108.000,107.000,95.000,94.000,
1.842,1.500,34.000,34.000,341.000,341.000,40.000,129.000,146.000,
53.498,128.500,70.000,111.000,73.000,108.000,107.000,85.000,94.000,
181.842,181.500,81.559,81.558,314.146,314.145,220.646,165.921,151.279,
7
129.457,132.377,230.269,232.536,272.555,274.059,293.252,
-93.157,-104.654,-130.925,-142.573,-131.593,-148.852,-169.898,
0,0,0,0,0,0,0,
127.235,129.500,110.000,111.000,107.000,108.000,107.000,
2.846,2.500,35.000,35.000,341.000,341.000,40.000,
52.765,129.500,70.000,111.000,73.000,108.000,107.000,
182.846,182.499,80.559,80.558,314.146,314.146,220.646,
5
127.277,130.206,278.374,292.106,892.020,
-93.009,-105.311,-152.026,-169.125,-178.633,
0,0,0,0,0,
127.985,130.500,108.000,107.000,95.000,
3.906,3.500,341.000,41.000,254.000,
52.015,130.500,108.000,107.000,84.980,
183.906,183.500,314.146,221.645,253.713,
6
125.148,128.705,219.275,222.456,278.274,893.062,
-92.863,-106.677,-130.367,-142.185,-132.187,-178.662,
0,0,0,0,0,0,
128.750,131.400,111.000,112.000,106.000,95.000,
5.025,5.200,36.000,36.000,340.000,254.000,
51.250,131.400,69.000,112.000,74.000,84.980,
185.025,185.200,79.354,79.353,315.146,253.713,
8
123.072,126.287,218.757,222.456,280.805,285.025,288.414,289.909,
-92.718,-102.673,-130.307,-142.185,-132.409,-144.123,-160.334,-167.459,
0,0,0,0,0,0,0,0,
129.530,131.500,111.000,112.000,106.000,107.000,106.000,107.000,
6.208,6.500,36.000,36.000,340.000,340.000,42.000,42.000,
50.470,131.500,69.000,112.000,74.000,107.000,74.000,107.000,
186.208,186.499,79.354,79.353,315.146,315.145,222.645,222.645,
8
121.052,124.224,216.278,219.350,283.335,285.025,287.771,289.262,
-92.574,-103.329,-130.106,-149.510,-132.626,-144.123,-160.384,-166.885,
0,0,0,0,0,0,0,0,
130.324,132.500,111.000,113.000,106.000,107.000,106.000,107.000,
7.459,7.500,37.000,37.000,340.000,340.000,43.000,43.000,
49.676,132.500,69.000,113.000,74.000,107.000,74.000,107.000,
187.459,187.500,78.354,78.354,315.146,315.145,223.645,223.645,
8
119.092,122.342,215.208,218.265,287.369,288.264,288.859,289.758,
-92.432,-104.521,-130.064,-148.538,-132.960,-160.489,-148.589,-167.307,
0,0,0,0,0,0,0,0,
131.129,133.600,111.000,113.000,106.000,106.000,107.000,107.000,
8.783,8.800,38.000,38.000,340.000,43.000,340.000,43.000,
48.871,133.600,69.000,113.000,74.000,74.000,107.000,107.000,
188.783,188.801,77.354,77.354,315.146,223.645,315.146,223.645,
7
117.193,120.817,214.196,217.239,285.666,287.147,293.074,
-92.292,-104.771,-130.022,-147.506,-160.097,-164.778,-151.770,
0,0,0,0,0,0,0,
131.945,134.400,111.000,113.000,106.000,107.000,107.000,
10.184,10.200,39.000,39.000,44.000,44.000,340.000,
48.055,134.400,69.000,113.000,74.000,107.000,107.000,
190.184,190.201,76.354,76.355,224.645,224.645,315.146,
6
115.359,118.925,213.933,216.270,285.109,286.587,
-92.155,-104.197,-130.061,-146.408,-160.129,-164.105,
0,0,0,0,0,0,
132.768,135.286,111.000,113.000,106.000,107.000,
11.669,12.000,40.000,40.000,45.000,45.000,
47.232,135.286,69.000,113.000,74.000,107.000,
191.669,192.000,75.354,75.355,225.645,225.646,
7
113.594,117.644,213.933,215.358,285.740,287.222,297.301,
-92.022,-103.887,-130.125,-145.232,-160.265,-164.833,-133.749,
0,0,0,0,0,0,0,
133.597,135.875,111.000,113.000,106.000,107.000,105.000,
13.242,13.125,41.000,41.000,45.000,45.000,339.000,
46.402,135.875,69.000,113.000,74.000,107.000,75.000,
193.242,193.126,74.355,74.356,225.645,225.645,316.146,
8
111.901,115.331,213.446,214.504,283.442,285.025,299.865,302.330,
-91.891,-101.747,-130.086,-143.966,-159.899,-161.975,-133.935,-144.589,
0,0,0,0,0,0,0,0,
134.429,136.500,111.500,113.000,106.000,107.000,105.000,106.000,
14.909,15.000,42.000,42.000,46.000,46.000,339.000,339.000,
45.571,136.500,68.500,113.000,74.000,107.000,75.000,106.000,
194.909,195.000,73.355,73.354,226.646,226.645,316.146,316.146,
9
110.282,113.749,213.050,213.706,282.612,285.025,302.428,303.896,540.567,
-91.764,-102.793,-130.092,-142.593,-159.838,-161.949,-134.118,-146.590,-172.775,
0,0,0,0,0,0,0,0,0,
135.260,137.600,111.500,113.000,106.000,107.000,105.000,106.000,99.000,
16.675,16.800,43.000,43.000,47.000,47.000,339.000,339.000,21.000,
44.740,137.601,68.500,113.000,74.000,107.000,75.000,106.000,99.000,
196.675,196.800,72.355,72.355,227.646,227.645,316.146,316.146,20.838,
8
108.741,112.696,211.431,213.275,283.674,285.144,305.761,307.244,
-91.642,-103.921,-129.913,-141.746,-160.172,-162.102,-134.349,-149.756,
0,0,0,0,0,0,0,0,
136.085,138.500,112.000,113.000,106.000,107.000,105.000,106.000,
18.547,18.500,44.000,44.000,48.000,48.000,339.000,339.000,
43.915,138.500,68.000,113.000,74.000,107.000,75.000,106.000,
198.547,198.500,71.355,71.355,228.646,228.646,316.146,316.146,
7
107.281,111.242,210.751,213.275,281.697,285.026,311.367,
-91.525,-103.849,-129.877,-141.736,-159.741,-161.923,-152.529,
0,0,0,0,0,0,0,
136.900,139.429,112.000,113.000,106.000,107.000,106.000,
20.530,20.714,45.000,45.000,48.000,48.000,339.000,
43.099,139.428,68.000,113.000,74.000,107.000,106.000,
200.530,200.715,70.355,70.356,228.646,228.645,316.146,
7
105.907,109.939,210.128,213.275,280.273,285.025,546.783,
-91.413,-103.312,-129.842,-141.726,-159.514,-161.899,-175.259,
0,0,0,0,0,0,0,
137.701,140.143,112.000,113.000,106.000,107.000,99.000,
22.627,22.571,46.000,46.000,49.000,49.000,20.000,
42.299,140.144,68.000,113.000,74.000,107.000,99.000,
202.627,202.571,69.354,69.354,229.645,229.645,20.162,
5
104.620,108.612,210.564,213.080,281.507,
-91.307,-102.603,-129.912,-144.698,-159.867,
0,0,0,0,0,
138.481,140.875,112.000,113.333,106.000,
24.845,24.875,46.500,46.667,50.000,
41.519,140.875,68.000,113.333,74.000,
204.845,204.874,68.854,68.687,230.646,
6
103.425,107.460,209.819,212.170,280.388,319.683,
-91.207,-102.679,-129.856,-150.255,-159.620,-135.234,
0,0,0,0,0,0,
139.235,141.571,112.000,114.000,106.000,104.000,
27.185,27.286,47.500,48.000,50.000,338.000,
40.765,141.572,68.000,114.000,74.000,76.000,
207.185,207.286,67.854,67.354,230.645,317.146,
8
102.325,106.239,106.183,209.173,212.296,278.749,322.283,323.741,
-91.114,-102.746,-102.512,-129.808,-150.336,-159.316,-135.392,-147.191,
0,0,0,0,0,0,0,0,
139.955,142.500,142.400,112.000,114.000,106.000,104.000,105.000,
29.650,30.000,29.200,48.500,48.500,51.000,338.000,338.000,
40.045,142.500,142.400,68.000,114.000,74.000,76.000,105.000,
209.650,209.999,209.200,66.854,66.854,231.645,317.146,317.146,
7
101.323,105.459,208.621,211.735,279.504,324.883,326.353,
-91.028,-102.413,-129.768,-149.899,-159.543,-135.547,-149.591,
0,0,0,0,0,0,0,
140.634,143.000,112.000,114.000,106.000,104.000,105.000,
32.241,32.375,49.500,49.500,52.000,338.000,338.000,
39.366,143.000,68.000,114.000,74.000,76.000,105.000,
212.241,212.374,65.854,65.854,232.645,317.146,317.146,
7
100.421,104.586,208.155,211.263,279.485,327.533,329.014,
-90.951,-102.053,-129.733,-149.512,-159.539,-135.701,-151.502,
0,0,0,0,0,0,0,
141.265,143.500,112.000,114.000,106.000,104.000,105.000,
34.956,35.000,50.500,50.500,52.000,338.000,338.000,
38.735,143.500,68.000,114.000,74.000,76.000,105.000,
214.956,215.000,64.854,64.854,232.645,317.146,317.146,
7
99.622,103.872,207.770,210.872,278.144,333.050,410.251,
-90.882,-103.095,-129.705,-149.178,-159.279,-153.777,-182.395,
0,0,0,0,0,0,0,
141.841,144.429,112.000,114.000,106.000,105.000,101.000,
37.790,37.714,51.500,51.500,53.000,338.000,104.000,
38.159,144.429,68.000,114.000,74.000,105.000,79.000,
217.790,217.715,63.855,63.855,233.645,317.146,190.664,
6
98.930,103.225,207.463,210.560,278.144,407.600,
-90.821,-102.096,-129.683,-148.901,-159.314,-182.086,
0,0,0,0,0,0,
142.355,144.667,112.000,114.000,106.000,101.000,
40.737,40.555,52.500,52.500,54.000,104.500,
37.645,144.666,68.000,114.000,74.000,79.000,
220.737,220.557,62.855,62.855,234.645,191.500,
7
98.346,102.774,102.485,207.229,210.323,279.448,404.932,
-90.769,-102.743,-102.699,-129.667,-148.684,-159.628,-181.767,
0,0,0,0,0,0,0,
142.798,145.250,145.400,112.000,114.000,106.000,101.000,
43.788,44.375,43.200,53.500,53.500,55.000,105.000,
37.202,145.250,145.400,68.000,114.000,74.000,79.000,
223.788,224.375,223.200,61.855,61.855,235.645,192.336,
5
97.871,102.104,207.065,210.157,278.144,
-90.728,-101.685,-129.657,-148.528,-159.338,
0,0,0,0,0,
143.166,145.444,112.000,114.000,106.000,
46.931,46.778,54.500,54.500,55.000,
36.834,145.445,68.000,114.000,74.000,
226.931,226.777,60.855,60.856,235.645,
6
97.509,101.948,206.970,210.060,278.143,279.623,
-90.695,-102.034,-129.652,-148.435,-159.353,-170.450,
0,0,0,0,0,0,
143.451,145.700,112.000,114.000,106.000,108.000,
50.148,50.200,55.500,55.500,56.000,56.000,
36.549,145.700,68.000,114.000,74.000,108.000,
230.149,230.200,59.855,59.855,236.645,236.645,
7
97.259,101.548,206.941,210.031,278.144,348.251,349.713,
-90.673,-101.948,-129.653,-148.405,-159.359,-136.774,-150.538,
0,0,0,0,0,0,0,
143.650,146.000,112.000,114.000,106.000,103.000,104.000,
53.424,53.500,56.500,56.500,57.000,337.000,337.000,
36.350,146.000,68.000,114.000,74.000,77.000,104.000,
233.424,233.501,58.855,58.855,237.645,318.146,318.146,
7
97.124,101.533,211.682,214.764,278.144,350.890,352.363,
-90.661,-102.244,-129.911,-148.931,-159.359,-136.906,-152.253,
0,0,0,0,0,0,0,
143.758,146.125,111.500,113.500,106.000,103.000,104.000,
56.736,57.000,57.500,57.500,57.000,337.000,337.000,
36.242,146.125,68.500,113.500,74.000,77.000,104.000,
236.736,237.000,57.937,57.938,237.645,318.146,318.146,
9
97.102,101.624,101.491,216.719,219.797,287.718,289.210,353.529,355.014,
-90.659,-102.773,-102.197,-130.202,-149.719,-159.120,-166.567,-137.036,-153.685,
0,0,0,0,0,0,0,0,0,
143.776,146.250,146.167,111.000,113.000,106.000,107.000,103.000,104.000,
60.063,60.125,59.167,58.500,58.500,58.000,58.000,337.000,337.000,
36.224,146.250,146.167,69.000,113.000,74.000,107.000,77.000,104.000,
240.063,240.125,239.167,57.019,57.019,238.481,238.481,318.146,318.146,
8
97.195,101.449,216.787,219.867,287.036,288.524,357.951,633.326,
-90.667,-101.679,-130.208,-149.771,-158.950,-165.946,-155.037,-180.371,
0,0,0,0,0,0,0,0,
143.701,146.000,111.000,113.000,106.000,107.000,104.000,97.000,
63.384,63.500,59.500,59.500,59.000,59.000,337.000,21.000,
36.299,146.000,69.000,113.000,74.000,107.000,104.000,83.000,
243.384,243.500,56.019,56.019,239.481,239.481,318.146,275.162,
6
97.402,101.506,216.289,219.362,289.806,291.308,
-90.686,-101.454,-130.150,-149.364,-159.563,-168.249,
0,0,0,0,0,0,
143.536,145.857,111.000,113.000,106.000,107.000,
66.675,66.714,60.000,60.000,60.000,60.000,
36.465,145.858,69.000,113.000,74.000,107.000,
246.675,246.714,55.519,55.519,240.481,240.481,
7
97.723,101.569,101.852,216.234,219.306,288.011,289.504,
-90.714,-100.658,-101.795,-130.138,-149.320,-159.157,-166.832,
0,0,0,0,0,0,0,
143.282,145.500,145.600,111.000,113.000,106.000,107.000,
69.917,70.000,69.200,61.000,61.000,60.000,60.000,
36.718,145.500,145.600,69.000,113.000,74.000,107.000,
249.917,249.999,249.198,54.519,54.519,240.481,240.481,
7
98.155,102.573,216.246,219.318,287.267,288.756,639.432,
-90.753,-102.950,-130.132,-149.334,-158.953,-166.179,-180.236,
0,0,0,0,0,0,0,
142.945,145.429,111.000,113.000,106.000,107.000,97.000,
73.089,73.286,62.000,62.000,61.000,61.000,20.000,
37.055,145.429,69.000,113.000,74.000,107.000,83.000,
253.089,253.284,53.519,53.519,241.481,241.481,275.838,
7
98.698,102.982,216.324,219.397,289.739,291.240,641.169,
-90.801,-101.722,-130.130,-149.406,-159.482,-168.223,-180.567,
0,0,0,0,0,0,0,
142.529,144.778,111.000,113.000,106.000,107.000,97.000,
76.176,76.333,63.000,63.000,62.000,62.000,20.000,
37.471,144.778,69.000,113.000,74.000,107.000,83.000,
256.176,256.334,52.520,52.521,242.481,242.481,275.838,
6
99.351,103.329,216.933,221.235,288.636,290.132,
-90.858,-102.108,-130.186,-145.968,-159.231,-167.376,
0,0,0,0,0,0,
142.041,144.500,111.000,112.500,106.000,107.000,
79.164,79.000,64.000,64.000,62.000,62.000,
37.959,144.500,69.000,112.500,74.000,107.000,
259.164,258.999,51.521,51.521,242.481,242.481,
6
100.110,104.248,217.638,221.592,288.075,289.568,
-90.924,-101.958,-130.251,-146.248,-159.047,-166.926,
0,0,0,0,0,0,
141.488,143.875,111.000,112.500,106.000,107.000,
82.041,82.125,65.000,65.000,63.000,63.000,
38.512,143.875,69.000,112.500,74.000,107.000,
262.041,262.125,50.520,50.521,243.479,243.479,
8
100.973,104.936,218.430,221.994,290.033,291.537,380.668,382.145,
-90.999,-102.833,-130.321,-146.544,-159.437,-168.471,-138.195,-154.416,
0,0,0,0,0,0,0,0,
140.876,143.500,111.000,112.500,106.000,107.000,102.000,103.000,
84.801,85.000,66.000,66.000,64.000,64.000,336.000,336.000,
39.124,143.500,69.000,112.500,74.000,107.000,78.000,103.000,
264.801,265.000,49.520,49.520,244.479,244.480,319.146,319.146,
8
101.938,105.711,219.314,222.456,289.587,291.088,383.350,384.837,
-91.081,-101.632,-130.398,-142.048,-159.334,-168.145,-138.308,-155.561,
0,0,0,0,0,0,0,0,
140.214,142.500,111.000,112.000,106.000,107.000,102.000,103.000,
87.438,87.000,67.000,67.000,64.000,64.000,336.000,336.000,
39.786,142.500,69.000,111.999,74.000,107.000,78.000,103.000,
267.438,267.001,48.520,48.521,244.480,244.480,319.146,319.146,
7
103.002,107.175,107.186,220.294,222.456,289.199,290.698,
-91.171,-102.908,-102.936,-130.482,-142.058,-159.166,-167.874,
0,0,0,0,0,0,0,
139.508,142.000,142.000,111.000,112.000,106.000,107.000,
89.951,0.000,90.000,68.000,68.000,65.000,65.000,
40.492,142.000,142.000,69.000,112.000,74.000,107.000,
269.951,0.000,270.000,47.520,47.520,245.480,245.479,
5
104.162,108.012,221.741,223.271,292.271,
-91.269,-103.503,-130.626,-143.503,-169.022,
0,0,0,0,0,
138.767,141.500,111.000,112.000,107.000,
92.338,92.000,68.500,68.500,66.000,
41.233,141.499,69.000,112.000,107.000,
272.338,272.000,47.020,47.020,246.480,
5
105.415,109.147,222.497,224.032,292.359,
-91.372,-102.915,-130.678,-144.707,-169.080,
0,0,0,0,0,
137.996,140.500,111.000,112.000,107.000,
94.601,95.000,69.500,69.500,66.000,
42.004,140.500,69.000,112.000,107.000,
274.601,275.000,46.020,46.020,246.480,
5
106.757,110.359,222.818,224.876,292.141,
-91.482,-102.204,-130.697,-145.832,-168.958,
0,0,0,0,0,
137.202,139.500,111.000,112.000,107.000,
96.743,97.000,70.000,70.500,67.000,
42.798,139.500,69.000,112.000,107.000,
276.743,277.000,45.521,45.020,247.479,
6
108.185,111.692,224.158,224.793,293.520,400.811,
-91.598,-101.432,-130.863,-145.757,-169.871,-146.835,
0,0,0,0,0,0,
136.392,138.500,110.000,112.000,107.000,102.000,
98.768,99.000,71.000,71.000,68.000,336.000,
43.608,138.500,70.000,112.000,107.000,102.000,
278.768,279.002,44.520,44.521,248.480,319.145,
7
109.695,113.418,224.158,225.282,293.943,402.312,403.743,
-91.718,-103.105,-130.826,-146.374,-170.127,-139.008,-149.542,
0,0,0,0,0,0,0,
135.569,138.000,110.000,112.000,107.000,101.000,102.000,
100.680,100.714,72.000,72.000,68.000,336.000,336.000,
44.431,138.000,70.000,112.000,107.000,79.000,102.000,
280.680,280.715,43.519,43.519,248.479,319.146,319.146,
4
111.286,114.984,224.158,225.825,
-91.843,-103.493,-130.783,-147.010,
0,0,0,0,
134.740,137.200,110.000,112.000,
102.486,102.600,73.000,73.000,
45.260,137.201,70.000,112.000,
282.486,282.600,42.519,42.519,
6
112.952,116.522,224.223,227.248,304.020,305.495,
-91.972,-104.001,-130.742,-148.474,-169.918,-166.707,
0,0,0,0,0,0,
133.909,136.400,110.000,112.000,105.000,106.000,
104.189,104.200,74.000,74.000,104.500,104.500,
46.091,136.400,70.000,112.000,75.000,106.000,
284.189,284.200,41.519,41.519,104.500,104.500,
6
114.691,118.043,225.957,229.005,301.405,302.867,
-92.105,-103.573,-130.874,-149.997,-169.704,-163.799,
0,0,0,0,0,0,
133.078,135.500,110.000,112.000,105.000,106.000,
105.797,106.000,75.000,75.000,104.500,104.500,
46.922,135.500,70.000,112.000,75.000,106.000,
285.797,285.999,40.519,40.519,104.500,104.501,
7
116.499,120.034,227.160,227.937,230.224,231.012,886.898,
-92.241,-103.258,-130.918,-131.055,-150.888,-151.458,-180.132,
0,0,0,0,0,0,0,
132.252,134.400,110.000,110.000,112.000,112.000,95.000,
107.314,107.200,76.000,75.500,76.000,75.500,202.000,
47.748,134.400,70.000,70.000,112.000,112.000,85.000,
287.314,287.199,41.368,40.019,41.368,40.020,241.024,
4
118.374,121.632,228.324,231.059,
-92.379,-103.047,-130.983,-151.498,
0,0,0,0,
131.433,133.600,110.000,112.000,
108.746,108.800,77.000,78.000,
48.567,133.600,70.000,112.000,
288.746,288.800,40.368,41.216,
4
120.311,123.848,230.049,232.536,
-92.520,-104.702,-131.050,-142.533,
0,0,0,0,
130.624,133.000,110.000,111.000,
110.098,110.000,78.500,79.000,
49.376,133.000,70.000,111.000,
290.098,290.000,40.716,40.216,
4
122.309,125.322,231.320,232.936,
-92.663,-105.160,-131.115,-143.230,
0,0,0,0,
129.826,132.500,110.000,111.000,
111.376,111.500,79.500,79.500,
50.174,132.500,70.000,111.000,
291.376,291.499,39.716,39.716,
4
124.364,127.311,231.424,232.940,
-92.808,-104.667,-131.089,-143.268,
0,0,0,0,
129.041,131.500,110.000,111.000,
112.584,112.500,80.000,80.000,
50.959,131.500,70.000,111.000,
292.584,292.499,39.216,39.215,
5
126.474,129.802,232.078,233.598,416.211,
-92.954,-105.296,-131.078,-144.343,-167.153,
0,0,0,0,0,
128.270,130.600,110.000,111.000,101.000,
113.726,113.800,81.000,81.000,74.000,
51.730,130.600,70.000,111.000,79.000,
293.726,293.801,38.215,38.215,234.132,
6
128.635,131.997,234.382,234.805,415.565,436.737,
-93.102,-104.572,-131.271,-146.020,-167.035,-147.510,
0,0,0,0,0,0,
127.514,129.600,109.500,111.000,101.000,101.000,
114.808,114.800,82.000,82.000,77.000,335.000,
52.486,129.600,70.500,111.000,79.000,101.000,
294.808,294.800,37.215,37.215,233.436,320.146,
7
130.845,134.082,235.486,237.255,415.347,416.824,438.106,
-93.249,-105.212,-131.334,-148.663,-167.099,-174.218,-148.775,
0,0,0,0,0,0,0,
126.775,129.000,109.000,111.000,101.000,102.000,101.000,
115.832,116.000,83.000,83.000,75.000,75.000,335.000,
53.225,129.000,71.000,111.000,79.000,102.000,101.000,
295.832,296.000,36.215,36.215,235.132,235.133,320.146,
10
133.103,136.343,236.361,239.383,414.613,416.088,441.506,441.899,559.089,560.100,
-93.398,-106.482,-131.376,-150.438,-166.973,-173.944,-140.270,-151.543,-181.476,-181.649,
0,0,0,0,0,0,0,0,0,0,
126.052,128.500,109.000,111.000,101.000,102.000,100.000,101.000,98.000,98.000,
116.804,117.000,83.500,83.500,78.000,78.000,335.000,335.000,76.000,79.000,
53.948,128.500,71.000,111.000,79.000,102.000,80.000,101.000,82.000,82.000,
296.804,297.001,35.715,35.715,234.436,234.436,320.146,320.146,59.328,60.025,
